volumes 

LiPb = [31,5]
Tungsten = [1]
Eurofer = [2,3,4,6,7,8,9,10,11,12,13,14,15,16,17,18,19,20,21,22,23,24,25,26,27,28,29,30]


surfaces


FW heat flux = [1,3,5]



plate coolants = [  64, 78, 92, 102, 112, 122, 132, 142, 152, 162, 172, 182, 192, 202, 212, 222, 232, 76, 90, 100, 110, 120, 130, 140, 150, 160, 170, 180, 190, 200, 210, 220, 230, 238, 236, 38,68,82,94,104,114,124,134,144,154,164,174,184,194,204,214,224,234 ,69 ,83 ,95,105 ,115 ,125 ,135 ,145 ,155 ,165 ,175 ,185 ,195 ,205 ,215 ,225 ,236, 237 ,233 ,226,223 ,216 ,213 ,206 ,203,196,193,186,183,176,173,166,163,156,153,146 ,143 ,136 ,133 ,126 ,123 ,116 ,113 ,106 ,103 ,96 ,93 ,88 ,80 ,74 ,66, 65 ,75 ,79 ,89 ,67 ,70 ,81 ,84,464, 462, 460, 458, 456, 454, 452, 450, 448, 446, 444, 442, 440, 438, 436, 434, 435, 430, 428, 425, 423, 421, 419, 417, 415, 413, 411, 409, 407, 405, 403, 401, 399, 398 ]


FW coolants = [
269, 255, 268, 254, 481, 492, 479, 471, 477, 470, 475, 469, 473, 468, 502, 497, 504, 498, 499, 506, 508, 500, 544, 510

]

LiPb inflow = [319]
LiPb outflow = [314]
noslip = [320,311,312,317,324,307,322,318,313,52,41,55,39,47]


